cell cell_id time event.type ctl
1 33 5.006666666666667 2 1
1 33 5.086666666666667 2 1
1 33 18.23 2 4
1 33 18.413333333333334 2 4
1 33 18.67 2 4
1 33 19.03666666666667 2 4
1 33 19.6 2 4
1 33 19.82 1 0
2 1 3.91 2 2
2 1 9.34 2 5
2 1 20.033333333333335 0 0
3 2 6.86 2 1
3 2 7.8133333333333335 2 1
3 2 8.716666666666667 2 2
3 2 9.183333333333334 2 2
3 2 9.813333333333334 2 2
3 2 10.216666666666667 2 2
3 2 10.466666666666667 2 2
3 2 10.950000000000001 2 2
3 2 11.100000000000001 2 2
3 2 16.593333333333334 2 4
3 2 16.686666666666667 2 4
3 2 16.950000000000003 2 4
3 2 17.366666666666667 2 4
3 2 17.933333333333334 2 5
3 2 18.456666666666667 2 5
3 2 18.493333333333336 2 5
3 2 18.58666666666667 2 5
3 2 19.450000000000003 2 5
3 2 19.700000000000003 2 5
3 2 19.830000000000002 1 0
4 3 0.91 2 1
4 3 18.23 2 2
4 3 20.033333333333335 0 0
5 4 1.3466666666666667 2 1
5 4 1.836666666666667 2 1
5 4 8.756666666666668 -1 0
6 5 1.4400000000000002 2 1
6 5 8.690000000000001 2 3
6 5 8.716666666666667 2 3
6 5 8.973333333333334 2 3
6 5 9.75 2 3
6 5 9.916666666666668 2 3
6 5 10.813333333333334 2 3
6 5 10.906666666666668 2 3
6 5 11.513333333333334 2 4
6 5 15.090000000000002 2 6
6 5 15.146666666666668 2 6
6 5 15.186666666666667 2 6
6 5 19.456666666666667 2 7
6 5 19.700000000000003 2 8
6 5 20.033333333333335 0 0
7 6 4.65 -1 0
8 7 3.43 -1 0
9 8 4.523333333333333 -1 0
10 9 20.033333333333335 0 0
11 21 3.2733333333333334 2 1
11 21 4.34 2 1
11 21 4.613333333333333 1 0
12 10 9.206666666666667 2 1
12 10 10.100000000000001 2 3
12 10 10.306666666666667 2 3
12 10 12.146666666666668 2 4
12 10 12.406666666666668 1 0
13 11 0.12333333333333334 2 2
13 11 0.52 2 3
13 11 5.536666666666667 -1 0
14 12 2.8133333333333335 -1 0
15 13 4.526666666666667 -1 0
16 14 3.5433333333333334 2 1
16 14 20.033333333333335 0 0
17 17 7.513333333333334 -1 0
18 18 10.020000000000001 -1 0
19 19 3.956666666666667 -1 0
20 29 4.416666666666667 2 1
20 29 4.883333333333334 2 1
20 29 10.020000000000001 -1 0
21 28 6.223333333333334 -1 0
22 30 4.88 -1 0
23 31 8.656666666666668 -1 0
24 22 4.33 2 1
24 22 4.013333333333334 2 1
24 22 4.05 2 1
24 22 4.793333333333334 2 1
24 22 5.166666666666667 2 1
24 22 5.390000000000001 2 1
24 22 5.42 2 1
24 22 6.12 2 1
24 22 3.3466666666666667 2 2
24 22 8.296666666666667 2 4
24 22 8.473333333333334 2 4
24 22 8.603333333333333 2 4
24 22 8.763333333333334 2 4
24 22 8.88 2 4
24 22 9.036666666666667 1 0
25 23 1.9600000000000002 2 1
25 23 5.296666666666667 1 0
26 24 4.05 2 2
26 24 11.116666666666667 -1 0
27 25 20.033333333333335 0 0
28 26 3.9733333333333336 2 1
28 26 5.053333333333334 2 2
28 26 5.07 2 3
28 26 5.25 2 3
28 26 5.5 1 0
29 27 3.6500000000000004 2 2
29 27 6.166666666666667 -1 0
30 15 8.13 2 5
30 15 8.586666666666668 2 5
30 15 9.043333333333335 2 6
30 15 9.96 2 7
30 15 10.256666666666668 2 7
30 15 10.463333333333335 2 7
30 15 10.646666666666667 2 7
30 15 11.003333333333334 1 0
31 16 3.54 2 1
31 16 5.126666666666667 2 1
31 16 7.166666666666667 1 0
32 32 2.0733333333333333 2 1
32 32 2.1766666666666667 2 1
32 32 2.3433333333333333 2 1
32 32 3.5500000000000003 1 0
33 20 3.2733333333333334 2 1
33 20 4.34 2 1
33 20 5.653333333333333 -1 0
34 1 5.286666666666667 2 1
34 1 5.536666666666667 2 1
34 1 6.08 2 1
34 1 20.03 0 0
35 2 0.9366666666666668 1 0
36 3 20.03 0 0
37 4 4.086666666666667 -1 0
38 5 20.03 0 0
39 7 3.606666666666667 2 1
39 7 11.356666666666667 2 6
39 7 20.03 0 0
40 6 9.48 2 2
40 6 10.056666666666667 2 2
40 6 10.103333333333333 2 2
40 6 10.143333333333334 2 2
40 6 10.306666666666667 2 2
40 6 10.690000000000001 2 2
40 6 11.120000000000001 1 0
41 8 3.1533333333333333 -1 0
42 9 20.03 0 0
43 10 3.786666666666667 2 1
43 10 4.903333333333333 -1 0
44 17 4.553333333333334 -1 0
45 11 4.12 2 3
45 11 9.026666666666667 -1 0
46 12 9.146666666666667 2 3
46 12 20.03 0 0
47 13 2.296666666666667 -1 0
48 14 6.803333333333334 2 2
48 14 7.153333333333334 1 0
49 15 5.886666666666667 2 3
49 15 5.946666666666667 2 3
49 15 6.41 1 0
50 16 20.03 0 0
51 18 20.03 0 0
52 19 8.063333333333334 2 2
52 19 20.03 0 0
53 20 4.476666666666667 -1 0
54 21 2.9066666666666667 2 1
54 21 3.0733333333333337 1 0
55 22 9.763333333333334 -1 0
56 23 14.233333333333334 -1 0
57 24 6.2266666666666675 -1 0
58 25 20.03 -1 0
59 1 6.386666666666667 -1 0
60 2 4.63 -1 0
61 3 2.5 1 0
62 4 0.32666666666666666 2 1
62 4 0.5700000000000001 2 1
62 4 1.6466666666666667 2 2
62 4 5.46 -1 0
63 5 0.8566666666666667 2 2
63 5 5.446666666666667 2 3
63 5 8.096666666666668 -1 0
64 6 2.4933333333333336 2 2
64 6 2.6933333333333334 2 2
64 6 3.9033333333333338 -1 0
65 8 4.49 -1 0
66 9 1.2966666666666669 2 1
66 9 14.956666666666667 2 4
66 9 20.03 0 0
67 10 10.940000000000001 2 5
67 10 12.963333333333335 2 5
67 10 13.046666666666667 2 5
67 10 13.223333333333334 2 5
67 10 13.396666666666668 2 5
67 10 11.503333333333334 2 6
67 10 12.25 2 6
67 10 12.273333333333333 2 6
67 10 12.346666666666668 2 6
67 10 12.436666666666667 2 6
67 10 15.120000000000001 2 8
67 10 15.420000000000002 2 9
67 10 15.780000000000001 2 9
67 10 16.236666666666668 1 0
68 23 8.003333333333334 -1 0
69 21 10.503333333333334 -1 0
70 22 5.363333333333333 2 3
70 22 5.380000000000001 2 3
70 22 9.983333333333334 2 4
70 22 10.120000000000001 2 4
70 22 13.090000000000002 2 7
70 22 13.693333333333333 2 7
70 22 15.116666666666667 2 8
70 22 20.03 0 0
71 11 4.220000000000001 2 1
71 11 20.03 0 0
72 13 3.9066666666666667 2 1
72 13 20.03 0 0
73 15 20.03 0 0
74 16 1.2533333333333334 2 1
74 16 1.4800000000000002 2 2
74 16 1.5033333333333334 2 2
74 16 3.3800000000000003 2 4
74 16 6.253333333333334 2 5
74 16 8.05 -1 0
75 18 1.37 2 1
75 18 1.76 2 2
75 18 9.146666666666667 -1 0
76 17 0.9500000000000001 2 1
76 17 1.4633333333333334 2 1
76 17 1.37 2 2
76 17 7.676666666666667 2 4
76 17 8.483333333333334 2 6
76 17 14.956666666666667 2 11
76 17 15.120000000000001 2 11
76 17 15.303333333333335 2 11
76 17 15.423333333333334 2 12
76 17 20.03 0 0
77 20 20.03 0 0
78 14 1.02 2 1
78 14 2.756666666666667 2 3
78 14 10.153333333333334 2 8
78 14 10.450000000000001 1 0
79 1 24.380000000000003 0 0
80 2 24.380000000000003 0 0
81 23 24.380000000000003 0 0
82 3 24.380000000000003 0 0
83 4 7.0566666666666675 2 6
83 4 7.32 2 6
83 4 7.413333333333334 2 6
83 4 12.936666666666667 2 8
83 4 13.076666666666668 2 8
83 4 13.096666666666668 2 8
83 4 13.243333333333334 2 8
83 4 13.273333333333333 2 8
83 4 13.343333333333334 2 8
83 4 13.420000000000002 2 10
83 4 13.503333333333334 1 0
84 5 12.936666666666667 2 5
84 5 24.380000000000003 0 0
85 6 12.15 2 5
85 6 12.296666666666667 2 5
85 6 12.49 2 5
85 6 12.57 2 5
85 6 24.380000000000003 0 0
86 7 13.153333333333334 -1 0
87 8 1.6066666666666667 -1 0
88 9 0.9666666666666667 -1 0
89 10 24.380000000000003 0 0
90 11 10.693333333333333 -1 0
91 12 24.380000000000003 0 0
92 13 24.380000000000003 0 0
93 14 7.273333333333333 -1 0
94 15 1.6566666666666667 2 1
94 15 8.770000000000001 -1 0
95 16 13.473333333333334 -1 0
96 26 2.456666666666667 2 2
96 26 2.7333333333333334 2 2
96 26 4.093333333333334 2 3
96 26 4.443333333333333 1 0
97 17 11.66 2 3
97 17 11.726666666666667 2 3
97 17 12.106666666666667 2 3
97 17 12.15 2 3
97 17 12.316666666666668 2 3
97 17 12.4 1 0
98 18 24.380000000000003 0 0
99 19 8.503333333333334 -1 0
100 20 7.486666666666667 -1 0
101 21 15.826666666666668 -1 0
102 22 9.466666666666667 -1 0
103 23 24.380000000000003 0 0
104 24 1.8933333333333335 -1 0
105 25 1.6600000000000001 2 1
105 25 5.936666666666667 -1 0
106 1 24.37666666666667 0 0
107 2 15.396666666666668 -1 0
108 3 8.126666666666667 -1 0
109 4 24.37666666666667 0 0
110 5 6.653333333333333 2 2
110 5 8.526666666666667 2 2
110 5 24.37666666666667 0 0
111 32 1.6166666666666667 2 4
111 32 24.37666666666667 0 0
112 9 6.096666666666667 -1 0
113 18 13.74 -1 0
114 19 6.096666666666667 -1 0
115 20 1.6066666666666667 -1 0
116 21 10.0 -1 0
117 29 2.7833333333333337 -1 0
118 28 2.73 -1 0
119 26 3.99 2 3
119 26 9.33 2 4
119 26 10.693333333333333 -1 0
120 25 13.176666666666668 2 5
120 25 24.37666666666667 0 0
121 24 24.37666666666667 0 0
122 23 24.37666666666667 0 0
123 27 0.9600000000000001 2 1
123 27 24.37666666666667 0 0
124 30 24.37666666666667 0 0
125 31 12.590000000000002 2 2
125 31 24.37666666666667 0 0
126 14 5.413333333333334 2 2
126 14 5.433333333333334 2 2
126 14 5.45 2 2
126 14 5.470000000000001 2 2
126 14 5.53 2 2
126 14 5.5633333333333335 2 2
126 14 5.593333333333334 2 2
126 14 5.61 2 2
126 14 5.656666666666667 1 0
127 10 24.37666666666667 0 0
128 11 10.506666666666668 -1 0
129 11a 13.176666666666668 2 2
129 11a 13.793333333333335 2 2
129 11a 13.936666666666667 2 2
129 11a 14.026666666666667 1 0
130 11b 20.0 2 2
130 11b 20.603333333333335 2 2
130 11b 20.813333333333336 2 2
130 11b 21.03666666666667 1 0
131 12 24.37666666666667 0 0
132 22 2.3633333333333333 2 1
132 22 2.9733333333333336 1 0
133 17 14.916666666666668 -1 0
134 16 20.166666666666668 2 3
134 16 19.52 2 4
134 16 24.37666666666667 0 0
135 13 24.37666666666667 0 0
136 15 1.0033333333333334 2 1
136 15 1.3566666666666667 2 1
136 15 24.37666666666667 0 0
137 8 0.9366666666666668 2 1
137 8 12.260000000000002 2 5
137 8 12.726666666666668 1 0
138 6 8.823333333333334 -1 0
139 7 13.420000000000002 2 8
139 7 24.37666666666667 -1 0
